Trait	Marker	Chr	Pos	df	F	p	add_effect	add_F	add_p	dom_effect	dom_F	dom_p	errordf	MarkerR2	Genetic Var	Residual Var	-2LnLikelihood
Silique_22	Chr3_3506926	3	3506926	1	11.54472	0.001	NaN	NaN	NaN	NaN	NaN	NaN	95	0.12272	0.01893	1.8927E-7	-1.0221E2
Silique_22	Chr4_12726023	4	12726023	1	11.53762	0.001	NaN	NaN	NaN	NaN	NaN	NaN	95	0.12265	0.01893	1.8927E-7	-1.0221E2
Silique_22	Chr4_12726385	4	12726385	1	11.53762	0.001	NaN	NaN	NaN	NaN	NaN	NaN	95	0.12265	0.01893	1.8927E-7	-1.0221E2
Silique_22	Chr4_12727251	4	12727251	1	11.53762	0.001	NaN	NaN	NaN	NaN	NaN	NaN	95	0.12265	0.01893	1.8927E-7	-1.0221E2
Silique_22	Chr4_12727703	4	12727703	1	11.53762	0.001	NaN	NaN	NaN	NaN	NaN	NaN	95	0.12265	0.01893	1.8927E-7	-1.0221E2
Silique_22	Chr4_12727734	4	12727734	1	11.53762	0.001	NaN	NaN	NaN	NaN	NaN	NaN	95	0.12265	0.01893	1.8927E-7	-1.0221E2
Silique_22	Chr4_12730029	4	12730029	1	11.53762	0.001	NaN	NaN	NaN	NaN	NaN	NaN	95	0.12265	0.01893	1.8927E-7	-1.0221E2
Silique_22	Chr5_22106649	5	22106649	1	11.5432	0.001	NaN	NaN	NaN	NaN	NaN	NaN	95	0.12271	0.01893	1.8927E-7	-1.0221E2
Silique_22	Chr3_18002103	3	18002103	1	11.52023	0.00101	NaN	NaN	NaN	NaN	NaN	NaN	95	0.12246	0.01893	1.8927E-7	-1.0221E2
Silique_22	Chr4_11437131	4	11437131	1	11.52188	0.00101	NaN	NaN	NaN	NaN	NaN	NaN	95	0.12248	0.01893	1.8927E-7	-1.0221E2
Silique_22	Chr4_13967896	4	13967896	1	11.53019	0.00101	NaN	NaN	NaN	NaN	NaN	NaN	95	0.12257	0.01893	1.8927E-7	-1.0221E2
Silique_22	Chr4_10886947	4	10886947	1	11.51016	0.00102	NaN	NaN	NaN	NaN	NaN	NaN	95	0.12236	0.01893	1.8927E-7	-1.0221E2
Silique_22	Chr5_19029214	5	19029214	1	11.51379	0.00102	NaN	NaN	NaN	NaN	NaN	NaN	95	0.12239	0.01893	1.8927E-7	-1.0221E2
Silique_22	Chr1_21558051	1	21558051	1	11.49604	0.00103	NaN	NaN	NaN	NaN	NaN	NaN	95	0.12221	0.01893	1.8927E-7	-1.0221E2
Silique_22	Chr2_5282058	2	5282058	1	11.45557	0.00105	NaN	NaN	NaN	NaN	NaN	NaN	95	0.12178	0.01893	1.8927E-7	-1.0221E2
Silique_22	Chr3_15193513	3	15193513	1	11.45446	0.00105	NaN	NaN	NaN	NaN	NaN	NaN	95	0.12176	0.01893	1.8927E-7	-1.0221E2
Silique_22	Chr5_15907931	5	15907931	1	11.44212	0.00105	NaN	NaN	NaN	NaN	NaN	NaN	95	0.12163	0.01893	1.8927E-7	-1.0221E2
Silique_22	Chr3_18608249	3	18608249	1	11.42658	0.00106	NaN	NaN	NaN	NaN	NaN	NaN	95	0.12147	0.01893	1.8927E-7	-1.0221E2
Silique_22	Chr5_4735383	5	4735383	1	11.40162	0.00107	NaN	NaN	NaN	NaN	NaN	NaN	95	0.1212	0.01893	1.8927E-7	-1.0221E2
Silique_22	Chr5_22188205	5	22188205	1	11.38971	0.00108	NaN	NaN	NaN	NaN	NaN	NaN	95	0.12108	0.01893	1.8927E-7	-1.0221E2
