Trait	Marker	Chr	Pos	df	F	p	add_effect	add_F	add_p	dom_effect	dom_F	dom_p	errordf	MarkerR2	Genetic Var	Residual Var	-2LnLikelihood
Anthocyanin_22	Chr1_2442655	1	2442655	1	11.17355	0.00101	NaN	NaN	NaN	NaN	NaN	NaN	177	0.06342	0.03622	0.15763	233.9163
Anthocyanin_22	Chr5_2577163	5	2577163	1	11.19243	0.00101	NaN	NaN	NaN	NaN	NaN	NaN	177	0.06353	0.03622	0.15763	233.9163
Anthocyanin_22	Chr1_11435643	1	11435643	1	11.17257	0.00102	NaN	NaN	NaN	NaN	NaN	NaN	177	0.06341	0.03622	0.15763	233.9163
Anthocyanin_22	Chr5_26469629	5	26469629	1	11.15483	0.00102	NaN	NaN	NaN	NaN	NaN	NaN	177	0.06331	0.03622	0.15763	233.9163
Anthocyanin_22	Chr1_19608564	1	19608564	1	11.15232	0.00103	NaN	NaN	NaN	NaN	NaN	NaN	177	0.0633	0.03622	0.15763	233.9163
Anthocyanin_22	Chr5_5367931	5	5367931	1	11.14596	0.00103	NaN	NaN	NaN	NaN	NaN	NaN	177	0.06326	0.03622	0.15763	233.9163
Anthocyanin_22	Chr5_2805641	5	2805641	1	11.1247	0.00104	NaN	NaN	NaN	NaN	NaN	NaN	177	0.06314	0.03622	0.15763	233.9163
Anthocyanin_22	Chr3_18689973	3	18689973	1	11.08753	0.00106	NaN	NaN	NaN	NaN	NaN	NaN	177	0.06293	0.03622	0.15763	233.9163
Anthocyanin_22	Chr1_11783379	1	11783379	1	11.07163	0.00107	NaN	NaN	NaN	NaN	NaN	NaN	177	0.06284	0.03622	0.15763	233.9163
Anthocyanin_22	Chr1_16924749	1	16924749	1	11.06747	0.00107	NaN	NaN	NaN	NaN	NaN	NaN	177	0.06282	0.03622	0.15763	233.9163
Anthocyanin_22	Chr4_2489501	4	2489501	1	11.05844	0.00108	NaN	NaN	NaN	NaN	NaN	NaN	177	0.06277	0.03622	0.15763	233.9163
Anthocyanin_22	Chr5_23366503	5	23366503	1	11.05231	0.00108	NaN	NaN	NaN	NaN	NaN	NaN	177	0.06273	0.03622	0.15763	233.9163
Anthocyanin_22	Chr3_18680561	3	18680561	1	11.0003	0.00111	NaN	NaN	NaN	NaN	NaN	NaN	177	0.06244	0.03622	0.15763	233.9163
Anthocyanin_22	Chr5_23362168	5	23362168	1	10.99932	0.00111	NaN	NaN	NaN	NaN	NaN	NaN	177	0.06243	0.03622	0.15763	233.9163
Anthocyanin_22	Chr4_13101391	4	13101391	1	10.96253	0.00113	NaN	NaN	NaN	NaN	NaN	NaN	177	0.06222	0.03622	0.15763	233.9163
Anthocyanin_22	Chr1_12606460	1	12606460	1	10.94375	0.00114	NaN	NaN	NaN	NaN	NaN	NaN	177	0.06212	0.03622	0.15763	233.9163
Anthocyanin_22	Chr1_16926359	1	16926359	1	10.94552	0.00114	NaN	NaN	NaN	NaN	NaN	NaN	177	0.06213	0.03622	0.15763	233.9163
Anthocyanin_22	Chr1_25221544	1	25221544	1	10.94024	0.00114	NaN	NaN	NaN	NaN	NaN	NaN	177	0.0621	0.03622	0.15763	233.9163
Anthocyanin_22	Chr2_18726035	2	18726035	1	10.95001	0.00114	NaN	NaN	NaN	NaN	NaN	NaN	177	0.06215	0.03622	0.15763	233.9163
Anthocyanin_22	Chr1_16924727	1	16924727	1	10.91889	0.00115	NaN	NaN	NaN	NaN	NaN	NaN	177	0.06197	0.03622	0.15763	233.9163
