Trait	Marker	Chr	Pos	df	F	p	add_effect	add_F	add_p	dom_effect	dom_F	dom_p	errordf	MarkerR2	Genetic Var	Residual Var	-2LnLikelihood
Germ_22	Chr3_3042083	3	3042083	1	11.19401	0.001	NaN	NaN	NaN	NaN	NaN	NaN	177	0.06355	0.04368	0.26778	271.18378
Germ_22	Chr3_3042406	3	3042406	1	11.19401	0.001	NaN	NaN	NaN	NaN	NaN	NaN	177	0.06355	0.04368	0.26778	271.18378
Germ_22	Chr5_14555270	5	14555270	1	11.17871	0.00101	NaN	NaN	NaN	NaN	NaN	NaN	177	0.06347	0.04368	0.26778	271.18378
Germ_22	Chr4_6753232	4	6753232	1	11.15817	0.00102	NaN	NaN	NaN	NaN	NaN	NaN	177	0.06335	0.04368	0.26778	271.18378
Germ_22	Chr1_16813140	1	16813140	1	11.14021	0.00103	NaN	NaN	NaN	NaN	NaN	NaN	177	0.06325	0.04368	0.26778	271.18378
Germ_22	Chr1_23315497	1	23315497	1	11.14835	0.00103	NaN	NaN	NaN	NaN	NaN	NaN	177	0.06329	0.04368	0.26778	271.18378
Germ_22	Chr4_15374338	4	15374338	1	11.1359	0.00103	NaN	NaN	NaN	NaN	NaN	NaN	177	0.06322	0.04368	0.26778	271.18378
Germ_22	Chr3_7938164	3	7938164	1	11.12696	0.00104	NaN	NaN	NaN	NaN	NaN	NaN	177	0.06317	0.04368	0.26778	271.18378
Germ_22	Chr3_8479554	3	8479554	1	11.1285	0.00104	NaN	NaN	NaN	NaN	NaN	NaN	177	0.06318	0.04368	0.26778	271.18378
Germ_22	Chr3_10432010	3	10432010	1	11.11035	0.00105	NaN	NaN	NaN	NaN	NaN	NaN	177	0.06308	0.04368	0.26778	271.18378
Germ_22	Chr3_8920446	3	8920446	1	11.10703	0.00105	NaN	NaN	NaN	NaN	NaN	NaN	177	0.06306	0.04368	0.26778	271.18378
Germ_22	Chr4_15858292	4	15858292	1	11.108	0.00105	NaN	NaN	NaN	NaN	NaN	NaN	177	0.06307	0.04368	0.26778	271.18378
Germ_22	Chr4_17230990	4	17230990	1	11.11255	0.00105	NaN	NaN	NaN	NaN	NaN	NaN	177	0.06309	0.04368	0.26778	271.18378
Germ_22	Chr5_15357478	5	15357478	1	11.10631	0.00105	NaN	NaN	NaN	NaN	NaN	NaN	177	0.06306	0.04368	0.26778	271.18378
Germ_22	Chr5_14306616	5	14306616	1	11.08788	0.00106	NaN	NaN	NaN	NaN	NaN	NaN	177	0.06295	0.04368	0.26778	271.18378
Germ_22	Chr1_21874109	1	21874109	1	11.02416	0.00109	NaN	NaN	NaN	NaN	NaN	NaN	177	0.06259	0.04368	0.26778	271.18378
Germ_22	Chr1_21878163	1	21878163	1	11.02416	0.00109	NaN	NaN	NaN	NaN	NaN	NaN	177	0.06259	0.04368	0.26778	271.18378
Germ_22	Chr4_17234570	4	17234570	1	11.02559	0.00109	NaN	NaN	NaN	NaN	NaN	NaN	177	0.0626	0.04368	0.26778	271.18378
Germ_22	Chr2_15924502	2	15924502	1	11.01728	0.0011	NaN	NaN	NaN	NaN	NaN	NaN	177	0.06255	0.04368	0.26778	271.18378
Germ_22	Chr3_7936392	3	7936392	1	10.99992	0.00111	NaN	NaN	NaN	NaN	NaN	NaN	177	0.06245	0.04368	0.26778	271.18378
