Trait	Marker	Chr	Pos	df	F	p	add_effect	add_F	add_p	dom_effect	dom_F	dom_p	errordf	MarkerR2	Genetic Var	Residual Var	-2LnLikelihood
FT10	Chr4_17632471	4	17632471	1	11.16301	0.001	NaN	NaN	NaN	NaN	NaN	NaN	194	0.0578	272.52035	134.95378	1538.1172
FT10	Chr1_622561	1	622561	1	11.15061	0.00101	NaN	NaN	NaN	NaN	NaN	NaN	194	0.05773	272.52035	134.95378	1538.1172
FT10	Chr4_10143499	4	10143499	1	11.14623	0.00101	NaN	NaN	NaN	NaN	NaN	NaN	194	0.05771	272.52035	134.95378	1538.1172
FT10	Chr3_18459775	3	18459775	1	11.13811	0.00102	NaN	NaN	NaN	NaN	NaN	NaN	194	0.05767	272.52035	134.95378	1538.1172
FT10	Chr4_13407368	4	13407368	1	11.12989	0.00102	NaN	NaN	NaN	NaN	NaN	NaN	194	0.05763	272.52035	134.95378	1538.1172
FT10	Chr4_9123738	4	9123738	1	11.12967	0.00102	NaN	NaN	NaN	NaN	NaN	NaN	194	0.05762	272.52035	134.95378	1538.1172
FT10	Chr1_20471869	1	20471869	1	11.11524	0.00103	NaN	NaN	NaN	NaN	NaN	NaN	194	0.05755	272.52035	134.95378	1538.1172
FT10	Chr1_8399593	1	8399593	1	11.11167	0.00103	NaN	NaN	NaN	NaN	NaN	NaN	194	0.05753	272.52035	134.95378	1538.1172
FT10	Chr2_5522771	2	5522771	1	11.1024	0.00103	NaN	NaN	NaN	NaN	NaN	NaN	194	0.05748	272.52035	134.95378	1538.1172
FT10	Chr4_6682595	4	6682595	1	11.10172	0.00103	NaN	NaN	NaN	NaN	NaN	NaN	194	0.05748	272.52035	134.95378	1538.1172
FT10	Chr5_14538370	5	14538370	1	11.11795	0.00103	NaN	NaN	NaN	NaN	NaN	NaN	194	0.05756	272.52035	134.95378	1538.1172
FT10	Chr5_15476977	5	15476977	1	11.11719	0.00103	NaN	NaN	NaN	NaN	NaN	NaN	194	0.05756	272.52035	134.95378	1538.1172
FT10	Chr5_7655159	5	7655159	1	11.10359	0.00103	NaN	NaN	NaN	NaN	NaN	NaN	194	0.05749	272.52035	134.95378	1538.1172
FT10	Chr3_18515146	3	18515146	1	11.09785	0.00104	NaN	NaN	NaN	NaN	NaN	NaN	194	0.05746	272.52035	134.95378	1538.1172
FT10	Chr3_5440814	3	5440814	1	11.08569	0.00104	NaN	NaN	NaN	NaN	NaN	NaN	194	0.0574	272.52035	134.95378	1538.1172
FT10	Chr4_1213788	4	1213788	1	11.0998	0.00104	NaN	NaN	NaN	NaN	NaN	NaN	194	0.05747	272.52035	134.95378	1538.1172
FT10	Chr5_14537673	5	14537673	1	11.0881	0.00104	NaN	NaN	NaN	NaN	NaN	NaN	194	0.05741	272.52035	134.95378	1538.1172
FT10	Chr5_18459920	5	18459920	1	11.0922	0.00104	NaN	NaN	NaN	NaN	NaN	NaN	194	0.05743	272.52035	134.95378	1538.1172
FT10	Chr5_19124405	5	19124405	1	11.0976	0.00104	NaN	NaN	NaN	NaN	NaN	NaN	194	0.05746	272.52035	134.95378	1538.1172
FT10	Chr5_2550430	5	2550430	1	11.08768	0.00104	NaN	NaN	NaN	NaN	NaN	NaN	194	0.05741	272.52035	134.95378	1538.1172
