Trait	Marker	Chr	Pos	df	F	p	add_effect	add_F	add_p	dom_effect	dom_F	dom_p	errordf	MarkerR2	Genetic Var	Residual Var	-2LnLikelihood
Width_22	Chr4_12031333	4	12031333	1	11.1911	0.00101	NaN	NaN	NaN	NaN	NaN	NaN	175	0.06429	1.69959	1.78385	736.88392
Width_22	Chr5_21505025	5	21505025	1	11.16768	0.00102	NaN	NaN	NaN	NaN	NaN	NaN	175	0.06416	1.69959	1.78385	736.88392
Width_22	Chr3_22886428	3	22886428	1	11.15262	0.00103	NaN	NaN	NaN	NaN	NaN	NaN	175	0.06407	1.69959	1.78385	736.88392
Width_22	Chr4_7115276	4	7115276	1	11.14879	0.00103	NaN	NaN	NaN	NaN	NaN	NaN	175	0.06405	1.69959	1.78385	736.88392
Width_22	Chr5_5270260	5	5270260	1	11.15162	0.00103	NaN	NaN	NaN	NaN	NaN	NaN	175	0.06407	1.69959	1.78385	736.88392
Width_22	Chr1_6374766	1	6374766	1	11.09916	0.00106	NaN	NaN	NaN	NaN	NaN	NaN	175	0.06377	1.69959	1.78385	736.88392
Width_22	Chr1_12089577	1	12089577	1	11.07412	0.00107	NaN	NaN	NaN	NaN	NaN	NaN	175	0.06362	1.69959	1.78385	736.88392
Width_22	Chr1_7374339	1	7374339	1	11.0768	0.00107	NaN	NaN	NaN	NaN	NaN	NaN	175	0.06364	1.69959	1.78385	736.88392
Width_22	Chr1_12089509	1	12089509	1	11.04338	0.00109	NaN	NaN	NaN	NaN	NaN	NaN	175	0.06345	1.69959	1.78385	736.88392
Width_22	Chr1_2516656	1	2516656	1	11.04035	0.00109	NaN	NaN	NaN	NaN	NaN	NaN	175	0.06343	1.69959	1.78385	736.88392
Width_22	Chr1_3707276	1	3707276	1	11.01452	0.0011	NaN	NaN	NaN	NaN	NaN	NaN	175	0.06328	1.69959	1.78385	736.88392
Width_22	Chr5_20355830	5	20355830	1	11.01048	0.0011	NaN	NaN	NaN	NaN	NaN	NaN	175	0.06326	1.69959	1.78385	736.88392
Width_22	Chr2_18635898	2	18635898	1	10.96302	0.00113	NaN	NaN	NaN	NaN	NaN	NaN	175	0.06298	1.69959	1.78385	736.88392
Width_22	Chr3_10828278	3	10828278	1	10.95585	0.00114	NaN	NaN	NaN	NaN	NaN	NaN	175	0.06294	1.69959	1.78385	736.88392
Width_22	Chr3_9655655	3	9655655	1	10.95632	0.00114	NaN	NaN	NaN	NaN	NaN	NaN	175	0.06295	1.69959	1.78385	736.88392
Width_22	Chr1_12098921	1	12098921	1	10.93542	0.00115	NaN	NaN	NaN	NaN	NaN	NaN	175	0.06283	1.69959	1.78385	736.88392
Width_22	Chr4_16960263	4	16960263	1	10.9303	0.00115	NaN	NaN	NaN	NaN	NaN	NaN	175	0.0628	1.69959	1.78385	736.88392
Width_22	Chr1_18083094	1	18083094	1	10.91483	0.00116	NaN	NaN	NaN	NaN	NaN	NaN	175	0.06271	1.69959	1.78385	736.88392
Width_22	Chr1_23951521	1	23951521	1	10.91243	0.00116	NaN	NaN	NaN	NaN	NaN	NaN	175	0.06269	1.69959	1.78385	736.88392
Width_22	Chr2_13625154	2	13625154	1	10.922	0.00116	NaN	NaN	NaN	NaN	NaN	NaN	175	0.06275	1.69959	1.78385	736.88392
