 CHR           SNP      UNADJ         GC       BONF       HOLM   SIDAK_SS   SIDAK_SD     FDR_BH     FDR_BY
   3 Chr3_11654990  1.014e-09  6.059e-05  0.0002069  0.0002069  0.0002069  0.0002069  0.0002051   0.002627 
   4  Chr4_8066659   2.01e-09  8.213e-05  0.0004103  0.0004103  0.0004102  0.0004102  0.0002051   0.002627 
   3 Chr3_15742125  3.889e-09  0.0001101  0.0007939  0.0007939  0.0007936  0.0007935  0.0002104   0.002694 
   1  Chr1_7373779  4.123e-09   0.000113  0.0008416  0.0008416  0.0008413  0.0008413  0.0002104   0.002694 
   1  Chr1_6384657  9.076e-09  0.0001606   0.001853   0.001853   0.001851   0.001851  0.0002553   0.003268 
   5  Chr5_9176769  1.005e-08  0.0001681   0.002052   0.002052    0.00205    0.00205  0.0002553   0.003268 
   4 Chr4_16460215  1.064e-08  0.0001724   0.002172   0.002172   0.002169   0.002169  0.0002553   0.003268 
   1  Chr1_9809441  1.271e-08  0.0001866   0.002593   0.002593    0.00259    0.00259  0.0002553   0.003268 
   4  Chr4_9274831  1.424e-08  0.0001963   0.002906   0.002906   0.002902   0.002901  0.0002553   0.003268 
   1  Chr1_7374339  1.453e-08  0.0001981   0.002965   0.002965   0.002961   0.002961  0.0002553   0.003268 
   3 Chr3_11517365  1.461e-08  0.0001986   0.002983   0.002983   0.002979   0.002978  0.0002553   0.003268 
   5 Chr5_15954917  1.622e-08  0.0002081   0.003311   0.003311   0.003306   0.003305  0.0002553   0.003268 
   5 Chr5_11533756  1.994e-08  0.0002281    0.00407    0.00407   0.004062   0.004062  0.0002553   0.003268 
   5 Chr5_18098467  2.001e-08  0.0002285   0.004084   0.004084   0.004076   0.004076  0.0002553   0.003268 
   5 Chr5_18098575  2.001e-08  0.0002285   0.004084   0.004084   0.004076   0.004076  0.0002553   0.003268 
   5 Chr5_18099838  2.001e-08  0.0002285   0.004084   0.004084   0.004076   0.004076  0.0002553   0.003268 
   3 Chr3_14593730  2.442e-08  0.0002497   0.004984   0.004984   0.004972   0.004971  0.0002932   0.003754 
   1 Chr1_12349397  2.711e-08  0.0002617   0.005534   0.005534   0.005519   0.005518  0.0003075   0.003937 
   1 Chr1_28981759  2.976e-08  0.0002728   0.006075   0.006075   0.006057   0.006056  0.0003197   0.004094 
