 CHR           SNP      UNADJ         GC       BONF       HOLM   SIDAK_SS   SIDAK_SD     FDR_BH     FDR_BY
   1 Chr1_18025184  6.424e-09   0.002762   0.001321    0.00132   0.001321    0.00132  8.456e-06  0.0001083 
   2  Chr2_7707454  6.988e-09   0.002828   0.001437   0.001436   0.001436   0.001435  8.456e-06  0.0001083 
   3 Chr3_15286272  6.424e-09   0.002762   0.001321    0.00132   0.001321    0.00132  8.456e-06  0.0001083 
   3 Chr3_20053341  6.424e-09   0.002762   0.001321    0.00132   0.001321    0.00132  8.456e-06  0.0001083 
   3  Chr3_8653921  6.988e-09   0.002828   0.001437   0.001436   0.001436   0.001435  8.456e-06  0.0001083 
   4 Chr4_14972141  6.988e-09   0.002828   0.001437   0.001436   0.001436   0.001435  8.456e-06  0.0001083 
   5  Chr5_2301921  6.988e-09   0.002828   0.001437   0.001436   0.001436   0.001435  8.456e-06  0.0001083 
   5  Chr5_2317004  6.988e-09   0.002828   0.001437   0.001436   0.001436   0.001435  8.456e-06  0.0001083 
   5  Chr5_2327374  6.988e-09   0.002828   0.001437   0.001436   0.001436   0.001435  8.456e-06  0.0001083 
   5  Chr5_2327583  6.988e-09   0.002828   0.001437   0.001436   0.001436   0.001435  8.456e-06  0.0001083 
   5  Chr5_2327628  6.988e-09   0.002828   0.001437   0.001436   0.001436   0.001435  8.456e-06  0.0001083 
   5  Chr5_2327888  6.988e-09   0.002828   0.001437   0.001436   0.001436   0.001435  8.456e-06  0.0001083 
   5 Chr5_26173785  6.988e-09   0.002828   0.001437   0.001436   0.001436   0.001435  8.456e-06  0.0001083 
   5  Chr5_6623553  6.988e-09   0.002828   0.001437   0.001436   0.001436   0.001435  8.456e-06  0.0001083 
   5  Chr5_6627692  6.988e-09   0.002828   0.001437   0.001436   0.001436   0.001435  8.456e-06  0.0001083 
   5  Chr5_6650916  6.988e-09   0.002828   0.001437   0.001436   0.001436   0.001435  8.456e-06  0.0001083 
   5  Chr5_6652824  6.988e-09   0.002828   0.001437   0.001436   0.001436   0.001435  8.456e-06  0.0001083 
   1 Chr1_10185289  7.942e-09   0.002933   0.001634   0.001632   0.001632   0.001631  8.539e-06  0.0001094 
   1  Chr1_3314440  7.942e-09   0.002933   0.001634   0.001632   0.001632   0.001631  8.539e-06  0.0001094 
   1  Chr1_3315599  7.942e-09   0.002933   0.001634   0.001632   0.001632   0.001631  8.539e-06  0.0001094 
