 CHR           SNP      UNADJ         GC       BONF       HOLM   SIDAK_SS   SIDAK_SD     FDR_BH     FDR_BY
   1 Chr1_16930622  1.249e-13  1.445e-05  2.552e-08  2.552e-08  2.552e-08  2.552e-08  2.552e-08  3.267e-07 
   1 Chr1_14007403   2.54e-13  1.856e-05   5.19e-08   5.19e-08   5.19e-08   5.19e-08  2.595e-08  3.322e-07 
   4  Chr4_1503923  1.121e-11  7.088e-05   2.29e-06   2.29e-06   2.29e-06   2.29e-06  4.739e-07  6.068e-06 
   1 Chr1_14051264   1.56e-11  7.971e-05  3.188e-06  3.188e-06  3.188e-06  3.188e-06  4.739e-07  6.068e-06 
   1 Chr1_14028301  1.624e-11  8.084e-05  3.317e-06  3.317e-06  3.317e-06  3.317e-06  4.739e-07  6.068e-06 
   1 Chr1_14053491  1.624e-11  8.084e-05  3.317e-06  3.317e-06  3.317e-06  3.317e-06  4.739e-07  6.068e-06 
   1 Chr1_14142053  1.624e-11  8.084e-05  3.317e-06  3.317e-06  3.317e-06  3.317e-06  4.739e-07  6.068e-06 
   1 Chr1_14015352  2.549e-11  9.487e-05  5.207e-06  5.207e-06  5.207e-06  5.207e-06  5.842e-07   7.48e-06 
   2 Chr2_18811115  2.982e-11  0.0001003  6.091e-06  6.091e-06  6.091e-06  6.091e-06  5.842e-07   7.48e-06 
   3  Chr3_2602503  3.493e-11  0.0001061  7.135e-06  7.135e-06  7.135e-06  7.135e-06  5.842e-07   7.48e-06 
   1 Chr1_16975795  3.951e-11  0.0001108  8.071e-06   8.07e-06  8.071e-06   8.07e-06  5.842e-07   7.48e-06 
   4 Chr4_13110999  4.182e-11  0.0001131  8.544e-06  8.544e-06  8.544e-06  8.544e-06  5.842e-07   7.48e-06 
   1  Chr1_4593292  4.289e-11  0.0001141  8.762e-06  8.762e-06  8.762e-06  8.762e-06  5.842e-07   7.48e-06 
   4  Chr4_7976992  4.289e-11  0.0001141  8.762e-06  8.762e-06  8.762e-06  8.762e-06  5.842e-07   7.48e-06 
   4  Chr4_7981082  4.289e-11  0.0001141  8.762e-06  8.762e-06  8.762e-06  8.762e-06  5.842e-07   7.48e-06 
   1  Chr1_4550338  6.432e-11  0.0001318  1.314e-05  1.314e-05  1.314e-05  1.314e-05  6.927e-07  8.869e-06 
   1 Chr1_14035346  6.781e-11  0.0001343  1.385e-05  1.385e-05  1.385e-05  1.385e-05  6.927e-07  8.869e-06 
   1 Chr1_14047143  6.781e-11  0.0001343  1.385e-05  1.385e-05  1.385e-05  1.385e-05  6.927e-07  8.869e-06 
   1 Chr1_14076734  6.781e-11  0.0001343  1.385e-05  1.385e-05  1.385e-05  1.385e-05  6.927e-07  8.869e-06 
