 CHR           SNP      UNADJ         GC       BONF       HOLM   SIDAK_SS   SIDAK_SD     FDR_BH     FDR_BY
   2 Chr2_14324385  3.655e-19  6.682e-05  7.449e-14  7.449e-14   7.45e-14   7.45e-14  7.449e-14  9.536e-13 
   2  Chr2_9604507   1.55e-18  9.017e-05  3.158e-13  3.158e-13  3.159e-13  3.159e-13  1.039e-13   1.33e-12 
   2  Chr2_7434280  1.653e-18  9.139e-05  3.369e-13  3.369e-13   3.37e-13  3.368e-13  1.039e-13   1.33e-12 
   2 Chr2_14325627  2.039e-18  9.546e-05  4.157e-13  4.157e-13  4.157e-13  4.157e-13  1.039e-13   1.33e-12 
   5 Chr5_26691411  2.392e-17  0.0001593  4.874e-12  4.874e-12  4.874e-12  4.874e-12  9.748e-13  1.248e-11 
   4 Chr4_15930433  3.617e-17  0.0001736  7.371e-12  7.371e-12  7.371e-12  7.371e-12  1.229e-12  1.573e-11 
   2  Chr2_9598965  6.396e-17  0.0001955  1.304e-11  1.304e-11  1.304e-11  1.304e-11  1.448e-12  1.854e-11 
   2  Chr2_9599577  6.396e-17  0.0001955  1.304e-11  1.304e-11  1.304e-11  1.304e-11  1.448e-12  1.854e-11 
   2  Chr2_9599711  6.396e-17  0.0001955  1.304e-11  1.304e-11  1.304e-11  1.304e-11  1.448e-12  1.854e-11 
   4 Chr4_12101415  7.887e-17  0.0002042  1.607e-11  1.607e-11  1.607e-11  1.607e-11  1.607e-12  2.058e-11 
   2 Chr2_13862871  1.093e-16  0.0002186  2.227e-11  2.227e-11  2.227e-11  2.227e-11  2.025e-12  2.592e-11 
   4 Chr4_12210810  1.199e-16  0.0002229  2.443e-11  2.443e-11  2.443e-11  2.443e-11  2.036e-12  2.607e-11 
   1 Chr1_18860998  1.618e-16  0.0002373  3.298e-11  3.298e-11  3.298e-11  3.298e-11  2.356e-12  3.016e-11 
   5 Chr5_18596783  1.618e-16  0.0002373  3.298e-11  3.298e-11  3.298e-11  3.298e-11  2.356e-12  3.016e-11 
   5 Chr5_21579246  2.261e-16  0.0002544  4.607e-11  4.607e-11  4.607e-11  4.607e-11  3.072e-12  3.932e-11 
   2  Chr2_7434563  2.987e-16  0.0002697  6.088e-11  6.088e-11  6.088e-11  6.088e-11  3.805e-12  4.871e-11 
   5 Chr5_18600065   3.18e-16  0.0002732  6.482e-11  6.481e-11  6.482e-11  6.481e-11  3.813e-12  4.881e-11 
   4   Chr4_529409  3.833e-16  0.0002841  7.813e-11  7.812e-11  7.813e-11  7.812e-11   4.34e-12  5.557e-11 
   4 Chr4_12101572  4.168e-16  0.0002891  8.495e-11  8.494e-11  8.495e-11  8.494e-11  4.471e-12  5.724e-11 
