 CHR           SNP      UNADJ         GC       BONF       HOLM   SIDAK_SS   SIDAK_SD     FDR_BH     FDR_BY
   2  Chr2_2990590  1.974e-15   1.72e-07  4.014e-10  4.014e-10  4.014e-10  4.014e-10  4.014e-10  5.138e-09 
   5 Chr5_20112353  4.623e-13  1.916e-06  9.402e-08  9.402e-08  9.402e-08  9.402e-08  4.701e-08  6.017e-07 
   1  Chr1_1430179  9.101e-13  2.587e-06  1.851e-07  1.851e-07  1.851e-07  1.851e-07  6.169e-08  7.897e-07 
   2  Chr2_3034268  6.244e-12  6.073e-06   1.27e-06   1.27e-06   1.27e-06   1.27e-06  2.116e-07  2.709e-06 
   5  Chr5_2232651  6.244e-12  6.073e-06   1.27e-06   1.27e-06   1.27e-06   1.27e-06  2.116e-07  2.709e-06 
   5 Chr5_21697730  6.244e-12  6.073e-06   1.27e-06   1.27e-06   1.27e-06   1.27e-06  2.116e-07  2.709e-06 
   5 Chr5_13861340  2.288e-11  1.081e-05  4.653e-06  4.653e-06  4.653e-06  4.653e-06  6.106e-07  7.816e-06 
   5 Chr5_22625167  2.402e-11  1.104e-05  4.885e-06  4.885e-06  4.885e-06  4.885e-06  6.106e-07  7.816e-06 
   1  Chr1_1430239  5.218e-11  1.559e-05  1.061e-05  1.061e-05  1.061e-05  1.061e-05  8.844e-07  1.132e-05 
   1  Chr1_4266002  5.218e-11  1.559e-05  1.061e-05  1.061e-05  1.061e-05  1.061e-05  8.844e-07  1.132e-05 
   2   Chr2_155225  5.218e-11  1.559e-05  1.061e-05  1.061e-05  1.061e-05  1.061e-05  8.844e-07  1.132e-05 
   2  Chr2_3006959  6.523e-11  1.721e-05  1.327e-05  1.327e-05  1.327e-05  1.327e-05  8.844e-07  1.132e-05 
   3 Chr3_17166605  6.523e-11  1.721e-05  1.327e-05  1.327e-05  1.327e-05  1.327e-05  8.844e-07  1.132e-05 
   4 Chr4_18414778  6.523e-11  1.721e-05  1.327e-05  1.327e-05  1.327e-05  1.327e-05  8.844e-07  1.132e-05 
   5 Chr5_13926517  6.523e-11  1.721e-05  1.327e-05  1.327e-05  1.327e-05  1.327e-05  8.844e-07  1.132e-05 
   4   Chr4_783577  8.953e-11  1.982e-05  1.821e-05  1.821e-05  1.821e-05  1.821e-05  1.138e-06  1.457e-05 
   5 Chr5_21041671  1.015e-10  2.095e-05  2.064e-05  2.064e-05  2.064e-05  2.064e-05  1.147e-06  1.469e-05 
   3 Chr3_14993958  1.016e-10  2.096e-05  2.065e-05  2.065e-05  2.065e-05  2.065e-05  1.147e-06  1.469e-05 
   2  Chr2_4497784  4.988e-10  4.256e-05  0.0001014  0.0001014  0.0001014  0.0001014  4.799e-06  6.143e-05 
