 CHR           SNP      UNADJ         GC       BONF       HOLM   SIDAK_SS   SIDAK_SD     FDR_BH     FDR_BY
   5 Chr5_14595077  9.648e-10  7.799e-05  0.0001971  0.0001971  0.0001971  0.0001971  2.816e-05  0.0003605 
   5 Chr5_14678161  9.648e-10  7.799e-05  0.0001971  0.0001971  0.0001971  0.0001971  2.816e-05  0.0003605 
   5 Chr5_14679913   1.13e-09  8.347e-05  0.0002308  0.0002308  0.0002308  0.0002308  2.885e-05  0.0003694 
   1 Chr1_24339185  2.345e-09  0.0001143  0.0004791  0.0004791   0.000479   0.000479  5.323e-05  0.0006816 
   3 Chr3_22819829  2.999e-09  0.0001271  0.0006126  0.0006126  0.0006124  0.0006124  6.126e-05  0.0007844 
   4   Chr4_567760  3.372e-09  0.0001337   0.000689  0.0006889  0.0006887  0.0006887  6.263e-05   0.000802 
   3 Chr3_11018472  4.032e-09  0.0001444  0.0008236  0.0008236  0.0008233  0.0008233  6.336e-05  0.0008113 
   5  Chr5_6056150  4.032e-09  0.0001444  0.0008236  0.0008236  0.0008233  0.0008233  6.336e-05  0.0008113 
   3  Chr3_8043285  4.968e-09   0.000158   0.001015   0.001015   0.001014   0.001014  7.249e-05  0.0009282 
   1 Chr1_18145194  7.113e-09  0.0001845   0.001453   0.001453   0.001452   0.001452  8.073e-05   0.001034 
   1 Chr1_18145493  7.113e-09  0.0001845   0.001453   0.001453   0.001452   0.001452  8.073e-05   0.001034 
   1 Chr1_18148553  7.113e-09  0.0001845   0.001453   0.001453   0.001452   0.001452  8.073e-05   0.001034 
   3 Chr3_22816300  6.797e-09  0.0001809   0.001389   0.001389   0.001388   0.001388  8.073e-05   0.001034 
   1 Chr1_13223907  1.295e-08  0.0002391   0.002646   0.002646   0.002643   0.002643  0.0001359    0.00174 
   1 Chr1_17371303  1.463e-08   0.000252   0.002989   0.002988   0.002984   0.002984  0.0001359    0.00174 
   1  Chr1_8499197  1.338e-08  0.0002424   0.002733   0.002733   0.002729   0.002729  0.0001359    0.00174 
   2  Chr2_8498521  1.463e-08   0.000252   0.002989   0.002989   0.002985   0.002984  0.0001359    0.00174 
   4   Chr4_866091  1.869e-08  0.0002801   0.003818   0.003818   0.003811   0.003811   0.000166   0.002126 
   2  Chr2_8438679  2.084e-08  0.0002936   0.004257   0.004257   0.004248   0.004248  0.0001774   0.002271 
   4   Chr4_859922  2.428e-08  0.0003137    0.00496   0.004959   0.004947   0.004947  0.0001908   0.002442 
